199 0.00 16.25 5.6 4.45
-230 0.00 22.75 5.6 4.45
-249 -325.00 40.75 5.6 4.45
-249 325.00 17.25 5.6 4.45
-249 -577.00 54.25 5.6 4.45
-249 577.00 8.25 5.6 4.45
-220 -797.00 68.25 5.6 4.45
-220 797.00 10.25 5.6 4.45
0 -499.00 39.75 5.6 4.45
0 499.00 11.25 5.6 4.45
0 -749.00 62.25 5.6 4.45
0 749.00 12.75 5.6 4.45
249 -325.00 27.25 5.6 4.45
249 325.00 16.75 5.6 4.45
249 -577.00 41.25 5.6 4.45
249 577.00 17.75 5.6 4.45
220 -797.00 56.25 5.6 4.45
220 797.00 25.25 5.6 4.45
-499 -130.00 31.25 5.6 4.45
-499 130.00 28.25 5.6 4.45
-499 -499.00 59.25 5.6 4.45
-499 499.00 10.25 5.6 4.45
-466 -804.00 76.25 5.6 4.45
-466 804.00 17.25 5.6 4.45
499 -130.00 12.25 5.6 4.45
499 130.00 9.25 5.6 4.45
499 -499.00 30.25 5.6 4.45
499 499.00 10.25 5.6 4.45
466 -804.00 54.25 5.6 4.45
466 804.00 37.25 5.6 4.45
-791 0.00 30.25 5.6 4.45
-748 367.00 17.25 5.6 4.45
-748 -367.00 54.25 5.6 4.45
-817 648.00 10.25 5.6 4.45
-817 -648.00 74.25 5.6 4.45
790 0.00 4.25 5.6 4.45
748 -367.00 4.25 5.6 4.45
748 367.00 6.25 5.6 4.45
816 -648.00 41.25 5.6 4.45
816 648.00 18.75 5.6 4.45
0 -950.00 75.25 5.6 4.45
0 950.00 28.25 5.6 4.45
-955 -199.00 39.25 5.6 4.45
-955 199.00 22.75 5.6 4.45
955 -199.00 7.75 5.6 4.45
955 199.00 5.25 5.6 4.45
